geonameid:5128581	-73.949592590332003	40.770532	-74.036094665527003	40.699989318847997
geonameid:3448439 -46.364990 -23.395660 -46.809319 -23.784969
geonameid:2988507 2.216784 48.921822 2.485605 48.796009
geonameid:5110302 40.75143 -74.07971 40.55639 -73.81333
